31554 719832 1087463382 1809076 NotifOK
32145 1595860 1090188425 1809156 NotifOK
32146 1595862 1087463422 1809082 NotifOK
32147 1595867 1087463450 1809083 NotifOK
32148 1595873 1087452643 1809086 NotifOK
32149 1595878 1090182388 1809087 NotifOK
32150 1595883 1090182585 1809089 NotifOK
32151 1595888 1090182668 1809091 NotifOK
32152 1595894 1090182862 1809093 NotifOK
32153 1595899 1090182970 1809094 NotifOK
32154 1595904 1090183229 1809098 NotifOK
32155 1595909 1087440010 1808940 NotifOK
32156 1595915 1087440072 1808942 NotifOK
32157 1595922 1091917536 1808943 NotifOK
32158 1595928 1087442789 1808967 NotifOK
32159 1595166 1087442799 1808968 NotifOK
32160 1595934 1087463336 1809064 NotifOK
32161 1595958 1087463340 1809066 NotifOK
32162 1595963 1087463354 1809072 NotifOK
32163 1595970 1090816054 1809384 NotifOK
32164 1595976 1090816137 1809387 NotifOK
32165 1595982 1090747671 1809390 NotifOK
32166 1595988 1090815381 1809393 NotifOK
32167 1595994 1090815442 1809394 NotifOK
32168 1596000  1809447 NotifOK
32169 1596006 1087439952 1808938 NotifOK
32170 1596012 1087453243 1809003 NotifOK
32171 1596017 1087453273 1809005 NotifOK
32172 1596022 1087454084 1809006 NotifOK
32173 1596027 1087463116 1809021 NotifOK
32174 1596032 1087463150 1809031 NotifOK
32175 1596037 1087463175 1809035 NotifOK
32176 1596042 1087463209 1809038 NotifOK
32177 1596047 1087463217 1809039 NotifOK
32178 1596052 1087463319 1809060 NotifOK
32179 1596058  1808845 
32180 1596064  1808848 
32181 1596070  1808849 
32182 1596076  1808851 
32183 1596082  1808852 
32184 1596088  1808856 
32185 1596094  1808867 
32186 1596100  1808868 
32187 1596106  1808871 
32188 1596114  1808875 
32189 1596120  1808881 
32190 1596126  1808884 
32191 1596135  1808885 
32192 1596141  1808915 
32193 1596147  1808916 
32194 1596153  1808919 
32195 1596158 1087439175 1808928 NotifOK
32196 1596164 1087439237 1808929 NotifOK
32197 1596170 1087439425 1808931 NotifOK
32198 1596177 1087439537 1808933 NotifOK
32199 1596183 1087439574 1808934 NotifOK
32200 1596252 1087439833 1808937 NotifOK
32201 1596308  1808857 
32202 1596313 1087440125 1808945 NotifOK
32203 1596320 1087440231 1808948 NotifOK
32204 1596326 1087440277 1808949 NotifOK
32205 1596334 1087440355 1808951 NotifOK
32206 1596340 1087440385 1808952 NotifOK
32207 1596346 1087440462 1808957 NotifOK
32208 1596391 1087442707 1808961 NotifOK
32209 1596397 1087442741 1808965 NotifOK
32210 1596403 1087442777 1808966 NotifOK
32211 1596409 1090814552 1809168 NotifOK
32212 1596415 1090814601 1809169 NotifOK
32213 1596421 1090814622 1809178 NotifOK
32214 1596427 1090814719 1809186 NotifOK
32215 1596433 1090814780 1809187 NotifOK
32216 1596439 1090814824 1809196 NotifOK
32217 1596446  1808860 
32218 1596452  1808862 
32219 1596458  1808863 
32220 1596464  1808866 
32221 1596469 1087463235 1809043 NotifOK
32222 1596474 1087463242 1809046 NotifOK
32223 1596479 1087463276 1809047 NotifOK
32224 1596484 1087463281 1809048 NotifOK
32225 1596489 1087463293 1809058 NotifOK
32226 1596502 1087463298 1809059 NotifOK
32227 1596507 1087442809 1808970 NotifOK
32228 1596513 1087442833 1808971 NotifOK
32229 1596519 1087442845 1808972 NotifOK
32230 1596525 1091342213 1810086 NotifOK
32231 1596531 1091342220 1810091 NotifOK
32232 1596537 1091342224 1810093 NotifOK
32233 1596543 1091240562 1810098 NotifOK
32234 1596549 1091342252 1810100 NotifOK
32235 1596555 1091342263 1810105 NotifOK
32236 1596561 1091342296 1810132 NotifOK
32237 1596567 1091093970 1810135 NotifOK
32238 1596573  1810137 NotifOK
32239 1596579  1810138 NotifOK
32240 1596585 1091094159 1810366 NotifOK
32241 1596591 1091094171 1810367 NotifOK
32242 1596597 1091481101 1810370 NotifOK
32243 1596603 1091094180 1810382 NotifOK
32244 1596609 1091481126 1810424 NotifOK
32245 1596615 1091094222 1810427 NotifOK
32246 1596621 1091481144 1810428 NotifOK
32247 1596627 1091481167 1810429 NotifOK
32248 1596633 1091481189 1810431 NotifOK
32249 1595187 1091918081 1810433 NotifOK
32250 1596639 1091094241 1810436 NotifOK
32251 1596645 1091918109 1810446 NotifOK
32252 1596651 1091240785 1810452 NotifOK
32253 1596657 1091094265 1810455 NotifOK
32254   1810466 
32256   1810468 
32257   1810477 
32258 1596678 1090747776 1809210 NotifOK
32259 1596684 1090778462 1809211 NotifOK
32260 1595198 1090812194 1809212 NotifOK
32261 1596694 1090963497 1809788 NotifOK
32262 1596700 1090963186 1809593 NotifOK
32263 1596706 1091093998 1810217 NotifOK
32264 1596712  1810218 NotifOK
32265 1596718 1091240590 1810230 NotifOK
32266 1596724 1091094578 1810257 NotifOK
32267 1596730 1091094601 1810261 NotifOK
32268 1596736 1091094629 1810262 NotifOK
32269 1596742 1091094635 1810263 NotifOK
32270 1596748 1091481080 1810364 NotifOK
32271 1596754 1091481089 1810365 NotifOK
32272 1596775 1091240803 1810493 NotifOK
32273 1596781 1091094278 1810496 NotifOK
32274 1596787 1091918286 1810502 NotifOK
32275 1596793 1091094561 1810094 NotifOK
32276 1596799 1091342234 1810097 NotifOK
32277 1596805 1091239771 1809837 NotifOK
32278 1596811 1091239813 1809840 NotifOK
32279 1596817 1091239829 1809849 NotifOK
32280 1596823 1091239839 1809850 NotifOK
32281 1596829 1091239862 1809851 NotifOK
32282 1596835 1091239881 1809853 NotifOK
32283 1596841 1091342058 1809980 NotifOK
32284 1596848 1090815465 1809396 NotifOK
32285 1596854 1090815502 1809400 NotifOK
32286 1596860 1090815525 1809404 NotifOK
32287 1596866 1090815566 1809409 NotifOK
32288 1596872 1091094535 1809984 NotifOK
32289 1596878 1091342064 1809985 NotifOK
32290 1596884 1091342070 1809988 NotifOK
32291 1596890  1810234 NotifOK
32292 1596896 1091094005 1810235 NotifOK
32293 1596902 1091342328 1810238 NotifOK
32294 1596963 1091342338 1810239 NotifOK
32295 1596969 1091342349 1810242 NotifOK
32296 1596975 1091342358 1810255 NotifOK
32297 1596981 1091094026 1810265 NotifOK
32298 1596987 1091094677 1810266 NotifOK
32299 1596993 1091094086 1810269 NotifOK
32300 1596999 1090963145 1809468 NotifOK
32301 1597005 1090963146 1809469 NotifOK
32302 1597011 1090963147 1809470 NotifOK
32303 1597017 1090963149 1809568 NotifOK
32304 1597023 1090963151 1809569 NotifOK
32305 1597029 1090963154 1809571 NotifOK
32306 1597035 1090963155 1809574 NotifOK
32307 1597041 1091917575 1809575 NotifOK
32308 1597047 1090963156 1809579 NotifOK
32309 1597053 1090963157 1809580 NotifOK
32310 1597059 1090813687 1809355 NotifOK
32311 1597065 1090814374 1809356 NotifOK
32312 1597071 1090814409 1809357 NotifOK
32313 1597077 1090815931 1809380 NotifOK
32314 1597083 1090815607 1809410 NotifOK
32315 1597089 1090815625 1809412 NotifOK
32316 1597095 1090963110 1809452 NotifOK
32317 1597101 1090963413 1809740 NotifOK
32318 1597107 1090963425 1809743 NotifOK
32319 1597113 1090813814 1809228 NotifOK
32320 1597119 1090813853 1809230 NotifOK
32321 1597125 1090813958 1809235 NotifOK
32322 1597131 1091240423 1809907 NotifOK
32323 1597137 1091100049 1809910 NotifOK
32324 945811 1090184403 1809099 NotifOK
32325 1597143 1090184481 1809101 NotifOK
32326 1597148 1090184605 1809103 NotifOK
32327 1597153 1090814389 1809162 NotifOK
32328 1597159 1090963350 1809700 NotifOK
32329 1597165 1090963352 1809701 NotifOK
32330 1597173 1090963355 1809702 NotifOK
32331 1597179 1090815984 1809382 NotifOK
32332 1597185 1090187827 1809118 NotifOK
32333 1597190 1090815194 1809425 NotifOK
32334 1597196 1090813580 1809446 NotifOK
32335 1597202 1090963104 1809448 NotifOK
32336 1597208 1090963106 1809450 NotifOK
32337 1597215 1090963108 1809451 NotifOK
32338 1597221 1090963189 1809597 NotifOK
32339 1597227 1090815285 1809428 NotifOK
32340 1597233 1090815305 1809430 NotifOK
32341 1597239 1090815227 1809427 NotifOK
32342 1597245 1090184877 1809108 NotifOK
32343 1597250 1090184960 1809112 NotifOK
32344 1597255 1090185019 1809113 NotifOK
32345 1597260 1090185094 1809114 NotifOK
32346 1597265 1090187703 1809115 NotifOK
32347 1597270 1090187778 1809117 NotifOK
32348 1597278 1090184806 1809106 NotifOK
32349 1597283 1087442889 1808975 NotifOK
32350 1597289 1087442895 1808976 NotifOK
32351 1597295 1087442787 1808977 NotifOK
32352 1597300 1087451888 1808984 NotifOK
32353 1597305 1087452431 1808985 NotifOK
32354 1597310 1087452786 1808987 NotifOK
32355 1597315 1087452907 1808990 NotifOK
32356 1597320 1087453083 1808991 NotifOK
32357 1597325 1087453170 1809000 NotifOK
32358 1597330 1090814411 1809164 NotifOK
32359 1597336 1090814448 1809165 NotifOK
32360 1597343 1090814468 1809166 NotifOK
32361 1597349 1090814522 1809167 NotifOK
32362 1597355 1090812435 1809199 NotifOK
32363 1597361 1090812571 1809200 NotifOK
32364 1597367 1090963207 1809610 NotifOK
32365 1597373 1090963216 1809611 NotifOK
32366 1597379 1090963218 1809612 NotifOK
32367 1597385 1091240462 1809919 NotifOK
32368 1597391 1090813763 1809358 NotifOK
32369 1597397 1090814067 1809359 NotifOK
32370 1597403 1090954802 1809360 NotifOK
32371 1597409 1090814165 1809363 NotifOK
32372 1597415 1090814213 1809365 NotifOK
32373 1597421 1090963384 1809720 NotifOK
32374 1597431 1090963388 1809723 NotifOK
32375 1597437 1090963399 1809728 NotifOK
32376 1597443 1090963402 1809729 NotifOK
32377 1597449 1090963194 1809607 NotifOK
32378 1597455 1090963203 1809609 NotifOK
32379 1597461 1090963226 1809615 NotifOK
32380 1597467 1090963233 1809620 NotifOK
32381 1597473 1090963238 1809635 NotifOK
32383 1597479 1090963242 1809636 NotifOK
32384 1597485 1090963245 1809637 NotifOK
32385 1597491 1091342307 1810133 NotifOK
32386 1597497 1091342323 1810134 NotifOK
32387 1597503 1091093893 1810110 NotifOK
32388 1597509 1091093918 1810112 NotifOK
32389 1597515 1091342288 1810114 NotifOK
32390 1597522 1091093926 1810115 NotifOK
32391 1597528 1091093940 1810130 NotifOK
32392 1597534 1091093961 1810131 NotifOK
32393 1597540 1090963265 1809658 NotifOK
32394 1597546 1090963268 1809660 NotifOK
32395 1597552 1090963276 1809661 NotifOK
32396 1597558 1090963278 1809662 NotifOK
32397 1597564 1090963289 1809666 NotifOK
32398 1597570 1090815845 1809375 NotifOK
32399 1597576 1090963297 1809668 NotifOK
32400 1597582 1090963299 1809669 NotifOK
32401 1597588 1090814133 1809361 NotifOK
32402 1597594 1090814330 1809367 NotifOK
32403 1597600 1090963101 1809368 NotifOK
32404 1597606 1090815691 1809371 NotifOK
32405 1597616 1090963103 1809372 NotifOK
32406 1597622 1090815755 1809373 NotifOK
32407 1597628 1090815871 1809378 NotifOK
32408 1597634 1090815896 1809379 NotifOK
32409 1597643 1090963356 1809703 NotifOK
32410 1597649 1090963357 1809707 NotifOK
32411 1597655 1090963373 1809713 NotifOK
32412 1597661 1090963375 1809715 NotifOK
32413 1597667 1090963407 1809730 NotifOK
32414 1597673 1091240646 1810283 NotifOK
32415 1597679 1091094128 1810284 NotifOK
32416 1597685 1090963456 1809762 NotifOK
32417 1597691 1091342153 1810074 NotifOK
32418 1597697 1091342168 1810075 NotifOK
32419 1597703 1091342174 1810076 NotifOK
32420 1597709 1091240521 1810077 NotifOK
32421 1597720 1090812711 1809283 NotifOK
32422 1597726 1091093783 1809920 NotifOK
32423 1597743 1090963229 1809617 NotifOK
32424 1597749 1091239902 1809860 NotifOK
32425 1597755 1090814332 1809248 NotifOK
32426 1597761 1091239546 1809797 NotifOK
32427 1597767 1091240006 1809870 NotifOK
32428 1597773 1090963258 1809646 NotifOK
32429 1597779 1090963260 1809647 NotifOK
32430 1597785 1090963263 1809657 NotifOK
32431 1597791 1090963304 1809670 NotifOK
32432 1597797 1091917814 1810308 NotifOK
32433 1597834 1091094377 1809914 NotifOK
32434 1597840 1091917857 1810309 NotifOK
32435 1597846 1091917887 1810311 NotifOK
32436 1597852 1091480904 1810312 NotifOK
32437 1597858 1091480907 1810323 NotifOK
32438 1597864 1091917924 1810325 NotifOK
32439 1597870 1091941796 1810326 NotifOK
32440 1597875 1091917770 1810285 NotifOK
32441 1597877 1091917788 1810289 NotifOK
32442 1597883 1091918007 1810329 NotifOK
32443 1597892 1091094145 1810333 NotifOK
32444 1597902 1091918046 1810337 NotifOK
32445 1597908 1091480915 1810338 NotifOK
32446 1597914 1091480920 1810340 NotifOK
32447 1597920 1091094422 1809932 NotifOK
32448 1597926 1091094426 1809933 NotifOK
32449 1597932 1091342229 1810095 NotifOK
32450 1597938 1091240120 1809879 NotifOK
32451 1597944 1091240151 1809881 NotifOK
32452 1597954 1091240197 1809883 NotifOK
32453 1597960 1091918907 1810582 NotifOK
32454 1597966 1090814360 1809249 NotifOK
32455 1597972 1090813700 1809250 NotifOK
32456 1597978 1091481001 1810354 NotifOK
32457 1597984 1091481011 1810355 NotifOK
32458 1597990 1091481025 1810356 NotifOK
32459 1597996 1091481038 1810357 NotifOK
32460 1598003 1091481042 1810358 NotifOK
32461 1598009 1091240619 1810273 NotifOK
32462 1598015 1091094103 1810274 NotifOK
32463 1598021 1091094119 1810280 NotifOK
32464 1598027 1091240766 1810346 NotifOK
32465 1598033 1091480954 1810347 NotifOK
32466 1598039 1091918059 1810348 NotifOK
32467 1598045 1091480981 1810351 NotifOK
32468 1598051 1091239938 1809867 NotifOK
32469 1598057 1091239949 1809868 NotifOK
32470 1598063 1091239984 1809869 NotifOK
32471 1598069 1091240026 1809871 NotifOK
32472 1598075 1091240047 1809873 NotifOK
32473 1598081 1091240251 1809886 NotifOK
32474 1598087 1091240262 1809889 NotifOK
32475 1598093 1091240292 1809891 NotifOK
32476 1598099 1091240327 1809893 NotifOK
32477 1598105 1091240358 1809903 NotifOK
32478 1598111 1091240387 1809905 NotifOK
32479 1598117 1091240405 1809906 NotifOK
32480 1598123 1091240480 1809924 NotifOK
32481 1598129 1091094390 1809926 NotifOK
32482 1598135 1091093800 1809927 NotifOK
32483 1598141 1091094399 1809928 NotifOK
32484 1598147 1091094445 1809934 NotifOK
32485 1598156 1091094474 1809964 NotifOK
32486 1598162 1091093804 1809968 NotifOK
32487 1598169 1091094496 1809971 NotifOK
32488 1598175 1091094504 1809973 NotifOK
32489 1598181 1091917695 1809974 NotifOK
32490 1598187 1091094512 1809975 NotifOK
32491 1598193 1091342041 1809978 NotifOK
32492 1598199 1091093839 1810033 NotifOK
32493 1598205 1091342128 1810034 NotifOK
32494 1598211 1091342119 1810028 NotifOK
32495 1598217 1091342134 1810073 NotifOK
32496 1598223 1091093874 1810078 NotifOK
32497 1598229 1091093883 1810079 NotifOK
32498 1598235 1091093888 1810080 NotifOK
32499 1598241 1091342186 1810081 NotifOK
32500 1598247 1091342195 1810082 NotifOK
32501 1598253 1091342207 1810084 NotifOK
32502 1598259 1091094543 1810085 NotifOK
32503 1598265 1090963117 1809461 NotifOK
32504   1809462 
32505 1598276 1090963130 1809463 NotifOK
32506 1598282 1090963136 1809465 NotifOK
32507 1598288 1090963137 1809466 NotifOK
32508 1598294 1090963158 1809583 NotifOK
32509 1598300 1090963165 1809590 NotifOK
32510 1598306 1090963187 1809594 NotifOK
32511 1598312 1090963191 1809598 NotifOK
32512 1598318 1090963227 1809616 NotifOK
32513 1598324 1090963230 1809618 NotifOK
32514 1598330 1090963252 1809638 NotifOK
32515 1598336 1090963256 1809643 NotifOK
32516 1598342 1090963309 1809689 NotifOK
32517 1598348 1090814929 1809305 NotifOK
32518 1598354 1090813993 1809306 NotifOK
32519 1598360 1090813902 1809344 NotifOK
32520 1598366 1090813856 1809348 NotifOK
32521 1598372 1090963111 1809453 NotifOK
32522 1598378 1090963306 1809671 NotifOK
32523 1598384 1090963311 1809690 NotifOK
32524 1598390 1090963320 1809691 NotifOK
32525 1598396 1090814270 1809216 NotifOK
32526 1598402 1090814302 1809217 NotifOK
32527 1598408 1090963322 1809695 NotifOK
32528 1598414 1090963331 1809696 NotifOK
32529 1598420 1090963334 1809697 NotifOK
32530 1598426 1090963347 1809698 NotifOK
32531 1598432 1090963438 1809746 NotifOK
32532 1598438 1090963445 1809756 NotifOK
32533 1598444 1090963447 1809760 NotifOK
32534 1598450 1090963462 1809765 NotifOK
32535 1598456 1090963469 1809772 NotifOK
32536 1598462 1090963475 1809774 NotifOK
32537 1598468 1090963479 1809776 NotifOK
32538 1598474 1090963487 1809781 NotifOK
32539 1598480 1090963491 1809782 NotifOK
32540 1598486 1090963495 1809783 NotifOK
32541 1598492 1091239390 1809789 NotifOK
32542 1598498 1091239425 1809790 NotifOK
32543 1598504 1090813314 1809263 NotifOK
32544 1598510 1090813380 1809277 NotifOK
32545 1598516 1091919058 1810587 NotifOK
32546 1598522 1090184740 1809105 NotifOK
32547 1598527 1091239716 1809828 NotifOK
32548 1598533 1091239730 1809834 NotifOK
32549 1598539 1091239757 1809835 NotifOK
32550 1598545 1091342093 1810015 NotifOK
32551 1598551 1091342100 1810016 NotifOK
32552 1598557 1091093832 1810017 NotifOK
32553 1598563 1091342104 1810022 NotifOK
32554 1598569 1091342111 1810023 NotifOK
32555 1598575 1091342113 1810024 NotifOK
32556 1598581 1091342117 1810025 NotifOK
32557 1598587 1091240570 1810140 NotifOK
32558 1598593  1810215 NotifOK
32559 1598600 1091240606 1810232 NotifOK
32560 1598606 1091481059 1810359 NotifOK
32561 1598612 1091094153 1810362 NotifOK
32562 1598618 1091918353 1810504 NotifOK
32563 1598624 1091918395 1810541 NotifOK
32564 1598630 1091094299 1810543 NotifOK
32565 1598637 1091918459 1810550 NotifOK
32566 1598643 1091094302 1810553 NotifOK
32567 1598650 1091918510 1810555 NotifOK
32568 1598656 1091240821 1810562 NotifOK
32569 1598662 1091918574 1810564 NotifOK
32570 1598668 1091943461 1810566 NotifOK
32571 1598674 1091094321 1810571 NotifOK
32572 1598680 1091918654 1810573 NotifOK
32573 1598686 1091239468 1809792 NotifOK
32574 1598692 1091239493 1809793 NotifOK
32575 1598698 1091239504 1809794 NotifOK
32576 1598704 1091239593 1809812 NotifOK
32577 1598710 1091239618 1809816 NotifOK
32578 1598720 1091239630 1809818 NotifOK
32579 1598726 1091239646 1809819 NotifOK
32580 1598732 1091239664 1809826 NotifOK
32581 1598738 1091239683 1809827 NotifOK
32582 1598777 1091094519 1809981 NotifOK
32583 1598783 1091342074 1809989 NotifOK
32584 1598789 1091918749 1810576 NotifOK
32585 1598795 1091918786 1810580 NotifOK
32586 1598801 1091918831 1810581 NotifOK
32587 1598807 1091342092 1810011 NotifOK
32588 1598813 1091342083 1809994 NotifOK
32589 1598819 1091342084 1809996 NotifOK
32590 1598825 1091342088 1809998 NotifOK
32591 1598831 1091240501 1810000 NotifOK
32592 1598837 1090814097 1809238 NotifOK
32593 1598843 1090814172 1809240 NotifOK
32594 1598849 1090814248 1809241 NotifOK
32595 1598855 1090813041 1809255 NotifOK
32596 1598861 1090188502 1809157 NotifOK
32597 1598866 1090188633 1809158 NotifOK
32598 1598872 1090188696 1809159 NotifOK
32599 1598877 1090188843 1809160 NotifOK
32600 1598882 1090814361 1809161 NotifOK
32601 1598888 1090813290 1809201 NotifOK
32602 1598894 1090747647 1809202 NotifOK
32603 1598900 1090747740 1809209 NotifOK
32604 1598906 1090813956 1809214 NotifOK
32605 1598912 1090188372 1809155 NotifOK
32606 1598917 1090188200 1809152 NotifOK
32607 1598922 1090188155 1809150 NotifOK
32608 1598927 1090188086 1809137 NotifOK
32609 1598932 1090187876 1809119 NotifOK
32610 1598937 1090188017 1809135 NotifOK
32611 1598942 1091240861 1810584 NotifOK
32612 1598948 1091918945 1810586 NotifOK
32613 1598954 1090188262 1809153 NotifOK
32614 1598959 1090813114 1809260 NotifOK
32615 1598965 1090813208 1809262 NotifOK
32616 1598971 1090814424 1809292 NotifOK
32617 1598977 1090814600 1809296 NotifOK
32618 1598983  1809299 NotifOK
32619 1598990 1090814706 1809301 NotifOK
32620 1005647 1090814786 1809303 NotifOK
32621 1598996 1090814861 1809304 NotifOK
32622 1599002 1090963408 1809731 NotifOK
32623 1599008 1090963411 1809732 NotifOK
32624 1599014 1090816015 1809383 NotifOK
32625 1599020  1810139 NotifOK
32626 1599026 1091917663 1809864 NotifOK
32627 1599032 1091094018 1810253 NotifOK
32628 1599038 1090814277 1809366 NotifOK
32629 1599044 1091342282 1810108 NotifOK
32630 1599050 1091240434 1809912 NotifOK
32631 1599058 1091917910 1810324 NotifOK
32632 1599064 1091480942 1810345 NotifOK
32633 1599070 1090963440 1809753 NotifOK
32634 1599076 1090814007 1809236 NotifOK
32635 1599082 1090747713 1809204 NotifOK
32636 1599088 1091240232 1809884 NotifOK
32638 1599094 1087463365 1809074 NotifOK
32639 1599099 1090815326 1809391 NotifOK
32640 1599105 1090815349 1809392 NotifOK
32641 1599111 1087463084 1809009 NotifOK
32642 1599117  1808889 
32643 1599123  1808920 
32644 1599129  1808921 
32645 1599134 1087440430 1808955 NotifOK
32646 1599140 1087442532 1808958 NotifOK
32647 1599146 1090814694 1809180 NotifOK
32648 1599148 1090814871 1809197 NotifOK
32649 1599154 1090814337 1809198 NotifOK
32650 1599161  1808859 
32651 1599166  1810136 NotifOK
32652 1599172 1091342348 1810240 NotifOK
32653 1599178 1091094693 1810270 NotifOK
32654 1599184 1090813813 1809351 NotifOK
32655 1599190 1090813896 1809232 NotifOK
32656 1599197 1090815144 1809415 NotifOK
32657 1599203 1090813462 1809436 NotifOK
32658 1599209 1090813522 1809445 NotifOK
32659 745993 1087452981 1808988 NotifOK
32660 1599216 1090963114 1809454 NotifOK
32661 1599222 1090963192 1809600 NotifOK
32662 1599250 1090963287 1809664 NotifOK
32663 1599257 1090963380 1809718 NotifOK
32664 1595858 1090812387 1809224 NotifOK
32665 1599263 1090813770 1809226 NotifOK
32666 1599269 1090814286 1809242 NotifOK
32667 1599275 1091094417 1809931 NotifOK
32668 1599282 1090812929 1809252 NotifOK
32669 1595159 1091917726 1810272 NotifOK
32670 1599288 1091240712 1810342 NotifOK
32671 1599294 1090963163 1809586 NotifOK
32672 1599300 1090963467 1809768 NotifOK
32673 1599306 1090963482 1809779 NotifOK
32674 1599312 1091240593 1810231 NotifOK
32675 1599318 1091094316 1810557 NotifOK
32676 1599320 1090963431 1809744 NotifOK
32677 1599326 1091239577 1809811 NotifOK
32678 1599332 1091342079 1809990 NotifOK
32679 1599338 1091918689 1810575 NotifOK
32680 1599344 1091342089 1810001 NotifOK
32681 1599350 1090814143 1809239 NotifOK
32682 1599356 1091918135 1810447 NotifOK
32683 1599362 1087463329 1809063 NotifOK
